5
7
3
1
6
2
0
2
10
22
1
0
1
3
0
1
0
1
1
1
0
0
0
0
0
1
3
5
5
3
0
1
1
6
1
0
3
0
0
0
0
0
1
0
0
0
0
0
0
0
0
2
5
0
0
0
0
0
0
0
0
0
0
0
0
4
0
3
2
1
0
0
1
0
1
0
1
3
1
0
0
0
1
1
1
0
0
0
0
0
1
0
0
0
0
0
0
0
0
0
0
0
1
0
0
1
1
0
0
0
0
0
0
2
0
0
2
2
8
2
2
0
0
0
2
12
24
6
24
15
24
24
24
24
1
1
24
0
1
0
0
3
1
1
1
1
1
1
0
1
0
1
0
1
0
0
0
0
1
0
1
1
0
2
0
1
1
1
4
1
24
0
0
0
3
0
0
1
1
1
0
0
1
1
0
2
0
1
0
1
0
0
0
0
0
0
0
0
0
0
0
2
1
0
0
1
0
0
0
1
0
0
12
0
0
1
0
0
0
0
0
0
0
0
4
0
24
0
0
0
0
0
0
0
0
0
0
2
0
0
1
0
0
1
2
0
14
0
0
1
1
0
1
1
4
0
4
2
1
1
1
1
0
1
3
1
6
3
4
0
2
0
3
2
24
4
0
2
3
1
5
0
5
4
0
11
0
2
2
19
0
5
0
0
1
2
2
3
5
5
3
2
6
1
4
1
2
0
1
0
3
0
0
6
14
